Ts = 1e-2;
Te = 15;
s0 = .5;