Ts = 1e-2;
Te = 15;
rEstart = [0.25; 0.25; 0];
rEend = [0.25; 0.04; 0];